1767451238690 0.0 40
1767451238921 0.0 40
1767451247665 1.0 81
1767451247853 1.0 81
1767451258875 2.0 122
1767451258887 2.0 122
1767451268471 3.0 163
1767451268553 3.0 163
1767451277937 4.0 204
1767451278016 4.0 204
1767451288854 5.0 245
1767451288880 5.0 245
1767451298411 6.0 286
1767451298489 6.0 286
1767451308192 7.0 327
1767451308275 7.0 327
1767451318547 8.0 368
1767451318574 8.0 368
1767451329003 9.0 409
1767451329089 9.0 409
1767451339315 10.0 450
1767451339618 10.0 450
1767451351097 11.0 491
1767451351184 11.0 491
1767451362078 12.0 532
1767451362373 12.0 532
1767451373550 13.0 573
1767451373563 13.0 573
1767451385832 14.0 614
1767451386152 14.0 614
1767451398089 15.0 655
1767451398107 15.0 655
1767451410192 16.0 696
1767451410295 16.0 696
1767451422373 17.0 737
1767451422475 17.0 737
1767451433315 18.0 778
1767451433414 18.0 778
1767451444861 19.0 819
1767451445077 19.0 819
1767451456465 20.0 860
1767451456479 20.0 860
1767451468097 21.0 901
1767451468382 21.0 901
1767451480020 22.0 942
1767451480117 22.0 942
1767451492307 23.0 983
1767451492415 23.0 983
1767451504920 24.0 1024
1767451505049 24.0 1024
1767451516943 25.0 1065
1767451516960 25.0 1065
1767451528790 26.0 1106
1767451529111 26.0 1106
1767451540920 27.0 1147
1767451540937 27.0 1147
1767451552115 28.0 1188
1767451552223 28.0 1188
1767451564243 29.0 1229
1767451564496 29.0 1229
1767451576666 30.0 1270
1767451576755 30.0 1270
1767451588458 31.0 1311
1767451588562 31.0 1311
1767451600015 32.0 1352
1767451600029 32.0 1352
1767451612145 33.0 1393
1767451612247 33.0 1393
1767451623935 34.0 1434
1767451624165 34.0 1434
1767451636909 35.0 1475
1767451637011 35.0 1475
1767451649993 36.0 1516
1767451650092 36.0 1516
1767451661551 37.0 1557
1767451661846 37.0 1557
1767451674332 38.0 1598
1767451674435 38.0 1598
1767451686898 39.0 1639
1767451687000 39.0 1639
1767451698414 40.0 1680
1767451698434 40.0 1680
1767451710875 41.0 1721
1767451710982 41.0 1721
1767451722474 42.0 1762
1767451722573 42.0 1762
1767451734488 43.0 1803
1767451734589 43.0 1803
1767451746494 44.0 1844
1767451746784 44.0 1844
1767451758668 45.0 1885
1767451758773 45.0 1885
1767451771150 46.0 1926
1767451771255 46.0 1926
1767451783322 47.0 1967
1767451783662 47.0 1967
1767451795398 48.0 2008
1767451795508 48.0 2008
1767451807966 49.0 2049
1767451807984 49.0 2049
