1767451238921 0.08180446177721024 40
1767451247853 0.00770702725276351 81
1767451258887 0.0027371030300855637 122
1767451268553 0.0018697513733059168 163
1767451278016 0.0015646243700757623 204
1767451288880 0.0014202323509380221 245
1767451298489 0.0015505708288401365 286
1767451308275 0.001326911966316402 327
1767451318574 0.0011641887249425054 368
1767451329089 0.0010738730197772384 409
1767451339618 0.0010360501473769546 450
1767451351184 0.0009282514220103621 491
1767451362373 0.0009051127708517015 532
1767451373563 0.0009240928338840604 573
1767451386152 0.0009930345695465803 614
1767451398107 0.0008113842341117561 655
1767451410295 0.0008553314255550504 696
1767451422475 0.0007688666228204966 737
1767451433414 0.0007609157473780215 778
1767451445077 0.0007539942744188011 819
1767451456479 0.0007791803800500929 860
1767451468382 0.000779224734287709 901
1767451480117 0.0006627666880376637 942
1767451492415 0.0006465782062150538 983
1767451505049 0.0007199003593996167 1024
1767451516960 0.0006357885431498289 1065
1767451529111 0.0006340148975141346 1106
1767451540937 0.0006382233696058393 1147
1767451552223 0.0006235986948013306 1188
1767451564496 0.000611861061770469 1229
1767451576755 0.0006255771149881184 1270
1767451588562 0.0005640580784529448 1311
1767451600029 0.0005545563180930912 1352
1767451612247 0.0005371510633267462 1393
1767451624165 0.0005677381413988769 1434
1767451637011 0.0005625247722491622 1475
1767451650092 0.0005723136710003018 1516
1767451661846 0.0005814539617858827 1557
1767451674435 0.0006189473788253963 1598
1767451687000 0.0005638200673274696 1639
1767451698434 0.0005072407657280564 1680
1767451710982 0.0004975716001354158 1721
1767451722573 0.0005316027672961354 1762
1767451734589 0.0005612943205051124 1803
1767451746784 0.0005637329304590821 1844
1767451758773 0.0005074595683254302 1885
1767451771255 0.00047304111649282277 1926
1767451783662 0.0004463084042072296 1967
1767451795508 0.00046659642248414457 2008
1767451807984 0.0004510454018600285 2049
