1767455592394 0.0 40
1767455592437 0.0 40
1767455598050 1.0 81
1767455598176 1.0 81
1767455606800 2.0 122
1767455606884 2.0 122
1767455619152 3.0 163
1767455619169 3.0 163
1767455630800 4.0 204
1767455630887 4.0 204
1767455642877 5.0 245
1767455643071 5.0 245
1767455655688 6.0 286
1767455655755 6.0 286
1767455668886 7.0 327
1767455669107 7.0 327
1767455680430 8.0 368
1767455680513 8.0 368
1767455693372 9.0 409
1767455693386 9.0 409
1767455704374 10.0 450
1767455704650 10.0 450
1767455717432 11.0 491
1767455717554 11.0 491
1767455729647 12.0 532
1767455729664 12.0 532
1767455741344 13.0 573
1767455741641 13.0 573
1767455754319 14.0 614
1767455754418 14.0 614
1767455767143 15.0 655
1767455767240 15.0 655
1767455780239 16.0 696
1767455780561 16.0 696
1767455793865 17.0 737
1767455794096 17.0 737
1767455807291 18.0 778
1767455807398 18.0 778
1767455820985 19.0 819
1767455821004 19.0 819
