1767455592437 0.0889764055609703 40
1767455598176 0.01495226938277483 81
1767455606884 0.002469855360686779 122
1767455619169 0.001443614368326962 163
1767455630887 0.0013447526143863797 204
1767455643071 0.001145381131209433 245
1767455655755 0.0010815864661708474 286
1767455669107 0.0011586988111957908 327
1767455680513 0.0009821095736697316 368
1767455693386 0.0009293391485698521 409
1767455704650 0.0010285009630024433 450
1767455717554 0.0009665932739153504 491
1767455729664 0.0008384292013943195 532
1767455741641 0.0008930046460591257 573
1767455754418 0.0007673194631934166 614
1767455767240 0.0008899152744561434 655
1767455780561 0.0007633556379005313 696
1767455794096 0.0007408534293062985 737
1767455807398 0.0006851278594695032 778
1767455821004 0.0006930036470293999 819
